451
341
39
712
796
627
115
347
995
226
380
273
658
9
426
644
374
646
224
119
222
604
382
769
20
471
966
441
251
806
794
953
680
989
711
854
984
792
43
55
919
168
112
977
512
483
495
911
501
761
826
117
485
149
372
387
553
337
609
89
88
145
103
42
466
625
947
104
765
909
975
738
877
174
310
63
141
256
360
441
224
572
93
884
172
866
584
15
422
759
541
960
677
750
660
56
978
710
469
443
381
975
640
295
831
961
7
29
617
698
764
610
769
157
525
919
878
765
347
654
357
747
63
79
342
498
315
603
539
30
389
354
880
752
689
456
961
477
837
743
559
966
111
782
759
88
719
693
626
688
906
696
20
318
222
439
791
301
442
126
291
435
724
998
401
552
36
242
154
512
32
901
830
628
814
887
809
923
511
847
737
947
780
797
181
344
796
770
982
238
830
559
60
921
454
204
832
751
634
402
943
117
387
505
717
755
461
105
934
965
628
670
699
888
923
455
805
459
522
45
11
705
248
199
667
277
518
815
100
558
158
561
769
46
400
732
698
444
114
250
319
661
673
395
355
703
502
698
171
751
102
874
179
239
887
344
61
788
404
605
539
771
945
357
514
914
867
565
124
397
181
506
991
846
462
185
494
641
817
834
772
287
33
702
506
54
394
311
376
709
885
325
866
385
476
70
923
155
848
184
854
213
198
103
56
360
692
656
969
375
805
228
753
781
868
340
456
141
691
15
989
426
392
824
262
737
990
170
446
212
966
385
576
850
911
653
731
975
34
638
51
292
82
220
634
793
576
888
701
581
979
337
823
945
898
69
602
739
389
915
639
451
133
561
265
152
329
834
316
170
533
648
231
175
428
667
1
132
230
497
912
918
489
683
278
212
266
873
325
607
651
587
596
717
493
215
661
186
766
581
428
831
81
323
66
65
410
219
221
13
81
36
81
123
167
258
244
441
404
331
111
182
368
968
361
928
765
355
821
776
609
26
309
207
752
584
733
622
12
211
891
634
807
129
96
461
72
688
425
881
39
993
146
963
728
258
336
103
107
475
195
145
73
497
124
902
193
906
640
799
337
279
749
853
952
51
265
460
860
935
941
156
632
43
780
391
128
205
66
920
469
931
566
582
61
231
463
438
401
156
14
879
400
248
592
939
323
336
289
290
341
972
727
748
529
147
754
723
657
602
291
653
120
936
20
886
874
147
675
147
712
104
442
967
661
653
397
408
762
817
653
939
963
535
701
636
135
935
102
129
935
543
581
884
586
74
388
968
495
660
158
997
896
414
369
744
896
537
512
800
677
696
586
86
312
806
462
56
335
450
527
362
681
20
912
52
479
73
867
211
65
943
427
340
256
595
812
345
472
586
909
601
892
688
277
494
853
609
243
445
971
285
711
507
729
315
444
858
764
726
363
182
346
316
940
769
900
683
906
33
704
38
909
203
843
789
487
923
705
281
828
790
408
352
203
238
891
84
67
617
859
798
215
500
317
380
272
718
458
251
23
515
155
750
89
936
247
22
741
11
312
405
734
575
571
993
197
229
690
421
481
214
30
167
652
596
753
739
734
380
442
796
580
309
590
408
761
627
569
519
456
857
715
279
511
720
64
489
847
281
254
864
496
526
824
655
676
488
636
321
445
201
73
737
205
145
778
858
233
246
78
222
170
967
195
314
70
829
105
68
720
921
125
280
410
478
996
896
93
483
905
346
361
662
245
52
918
450
669
524
948
710
441
293
815
755
91
680
803
822
574
748
653
190
695
123
325
607
632
53
811
247
684
596
966
179
558
135
378
345
641
130
212
930
150
875
119
614
238
436
964
267
23
572
865
266
365
550
605
348
852
872
188
552
301
744
413
917
789
247
908
712
774
774
149
458
541
812
88
258
275
978
273
268
607
904
500
397
777
788
483
652
213
785
359
443
420
160
762
869
241
762
929
602
430
619
724
49
885
829
286
902
302
780
932
466
543
45
588
312
517
45
788
993
701
696
660
512
154
452
63
171
587
660
33
404
992
399
200
28
41
552
251
823
898
734
82
167
666
536
321
13
438
822
718
734
66
640
114
804
531
410
545
70
73
39
741
873
741
738
145
15
225
397
355
820
444
340
871
71
964
786
604
807
838
147
478
124
416
583
950
290
585
560
172
124
950
402
719
580
971
721
622
447
71
403
341
791
64
307
698
619
965
124
95
757
984
927
346
895
500
560
417
585
95
930
591
226
818
933
209
104
600
162
119
30
879
413
243
763
710
779
452
963
286
683
969
328
105
830
